CC = gcc
CFLAGS = -Wall -Wextra
DATE = date

# List of source files
SRC_FILES = src/print_functions.c src/vector_operations.c src/brute_force_solve.c src/LLL_solve.c src/SVP.c 

# List of header files
HEADER_FILES = src/print_functions.h src/vector_operations.h src/brute_force_solve.h src/LLL_solve.h

# Object files will be generated from source files
OBJ_FILES = $(SRC_FILES:.c=.o)

# Target for building all
all: runme

runme: $(OBJ_FILES)
	$(CC) $(CFLAGS) -o $@ $^ -lm
	@echo "Program compiled using $(CC) with flags $(CFLAGS) on $($DATE)"

# Rule for generating object files from source files
%.o: %.c $(HEADER_FILES)
	$(CC) $(CFLAGS) -c $< -o $@

# Target for cleaning up the generated files
clean:
	rm -f runme $(OBJ_FILES)

test:
	./runme [1 0 0] [0 1 0] [0 0 1]
	./runme [1 0 0 0] [0 1 0 0] [0 0 1 0] [0 0 0 1]
	./runme [1 0 0 0 0] [0 1 0 0 0] [0 0 1 0 0] [0 0 0 1 0] [0 0 0 0 1]

hardtest1:
	./runme [2116403082371869720683693394276970360299642162558342355675014410771989791845340105007240644994094893408332181197956887657 0 0 0 0 0 0 0 0 0 0 0 0 0 0 0 0 0 0 0 0 0 0 0 0 0 0 0 0 0 0 0 0 0 0 0 0 0 0 0] [371644562438531748585630085667746983470408244373580742281269821738816154869236300428137729771977309321210236491639933332 1 0 0 0 0 0 0 0 0 0 0 0 0 0 0 0 0 0 0 0 0 0 0 0 0 0 0 0 0 0 0 0 0 0 0 0 0 0 0] [970128588937842140661210199069589679615703684562655262446230094731888177573698872897660975186881893815551083050469479861 0 1 0 0 0 0 0 0 0 0 0 0 0 0 0 0 0 0 0 0 0 0 0 0 0 0 0 0 0 0 0 0 0 0 0 0 0 0 0] [1617885213873858163065250499756376305837976609435400008057297118650398723827143214937143752380433141030895046085134663139 0 0 1 0 0 0 0 0 0 0 0 0 0 0 0 0 0 0 0 0 0 0 0 0 0 0 0 0 0 0 0 0 0 0 0 0 0 0 0] [861650440856876922136315403300972806928844583476323346957866774048720276102084753290592827764541119558381900492846561687 0 0 0 1 0 0 0 0 0 0 0 0 0 0 0 0 0 0 0 0 0 0 0 0 0 0 0 0 0 0 0 0 0 0 0 0 0 0 0] [1238401879408921089844474386903737818276239209740348854610933282304058072380604156331847453869318599590680629601714021166 0 0 0 0 1 0 0 0 0 0 0 0 0 0 0 0 0 0 0 0 0 0 0 0 0 0 0 0 0 0 0 0 0 0 0 0 0 0 0] [302328193892196204243023116106370462383132199983296195152211088133814423239197999286069616594274614510736145263925517783 0 0 0 0 0 1 0 0 0 0 0 0 0 0 0 0 0 0 0 0 0 0 0 0 0 0 0 0 0 0 0 0 0 0 0 0 0 0 0] [443681408734567838343607093614379754005413471877157728597635239760454843085205167872415159913459109353288267514781828878 0 0 0 0 0 0 1 0 0 0 0 0 0 0 0 0 0 0 0 0 0 0 0 0 0 0 0 0 0 0 0 0 0 0 0 0 0 0 0] [766924867740885236236436059448427698090379772276332984401846634621581522685296543079817924330812470098383411173196131706 0 0 0 0 0 0 0 1 0 0 0 0 0 0 0 0 0 0 0 0 0 0 0 0 0 0 0 0 0 0 0 0 0 0 0 0 0 0 0] [1297358997739527278188204320802855592592899794686777403497982861534586993960747704855480346961487202646587358008424555998 0 0 0 0 0 0 0 0 1 0 0 0 0 0 0 0 0 0 0 0 0 0 0 0 0 0 0 0 0 0 0 0 0 0 0 0 0 0 0] [1923256447555821027760823712014018288715572436486045654757604016247481734877091777864720799782922934671078042956616750575 0 0 0 0 0 0 0 0 0 1 0 0 0 0 0 0 0 0 0 0 0 0 0 0 0 0 0 0 0 0 0 0 0 0 0 0 0 0 0] [138791684593421316484912136928975449358519306209923545534576080943933941788220318189376736295439954669622762228268690319 0 0 0 0 0 0 0 0 0 0 1 0 0 0 0 0 0 0 0 0 0 0 0 0 0 0 0 0 0 0 0 0 0 0 0 0 0 0 0] [1752053685015713567891789191640042337741805857685242642164798009587123835789029180360779591122248108173121788944806990018 0 0 0 0 0 0 0 0 0 0 0 1 0 0 0 0 0 0 0 0 0 0 0 0 0 0 0 0 0 0 0 0 0 0 0 0 0 0 0] [2046303652643607551083773382245919660376167541225343779851326688493989336785866602067814167781776230842039502024961224990 0 0 0 0 0 0 0 0 0 0 0 0 1 0 0 0 0 0 0 0 0 0 0 0 0 0 0 0 0 0 0 0 0 0 0 0 0 0 0] [161701314003903527294539093851830420185672588693938679547737547227941952578846685981290488906797666486385636306427956922 0 0 0 0 0 0 0 0 0 0 0 0 0 1 0 0 0 0 0 0 0 0 0 0 0 0 0 0 0 0 0 0 0 0 0 0 0 0 0] [2059714413420462412604210521069862437228594984719691499291824764864200097906908418575923366701593028750494787160369423664 0 0 0 0 0 0 0 0 0 0 0 0 0 0 1 0 0 0 0 0 0 0 0 0 0 0 0 0 0 0 0 0 0 0 0 0 0 0 0] [236619910841436753359639417128223769093980125208659184950079289394351446700013212860226717401403083201476790108710198995 0 0 0 0 0 0 0 0 0 0 0 0 0 0 0 1 0 0 0 0 0 0 0 0 0 0 0 0 0 0 0 0 0 0 0 0 0 0 0] [521807735461695034807439230274452751978618453371762238147892673540779228084610103951896314431773738642862361617950116793 0 0 0 0 0 0 0 0 0 0 0 0 0 0 0 0 1 0 0 0 0 0 0 0 0 0 0 0 0 0 0 0 0 0 0 0 0 0 0] [1898466106725110481310768025369914138166711138228177956551055744552328440573249624614143156799333166991080740657486025033 0 0 0 0 0 0 0 0 0 0 0 0 0 0 0 0 0 1 0 0 0 0 0 0 0 0 0 0 0 0 0 0 0 0 0 0 0 0 0] [2043257177335956951070219397858777123559357103945545237417070888207682821645422085875324039671029805011652245597869305538 0 0 0 0 0 0 0 0 0 0 0 0 0 0 0 0 0 0 1 0 0 0 0 0 0 0 0 0 0 0 0 0 0 0 0 0 0 0 0] [904225163671074382768019753539274681795779625382511961264465653291127670514453520050551644296901230356912243654225654401 0 0 0 0 0 0 0 0 0 0 0 0 0 0 0 0 0 0 0 1 0 0 0 0 0 0 0 0 0 0 0 0 0 0 0 0 0 0 0] [32771872907828211382289261014117057923327418144915569087238809343521061214616361304729214156019094728432041297468304493 0 0 0 0 0 0 0 0 0 0 0 0 0 0 0 0 0 0 0 0 1 0 0 0 0 0 0 0 0 0 0 0 0 0 0 0 0 0 0] [185789413730166201171458176468755969088909804647627433894406398430754979813498091666025324336151794710682026172503101451 0 0 0 0 0 0 0 0 0 0 0 0 0 0 0 0 0 0 0 0 0 1 0 0 0 0 0 0 0 0 0 0 0 0 0 0 0 0 0] [832962803741579150035009987801883256172874768041791705764900197393212435979706525525238578679210561346645899576161141793 0 0 0 0 0 0 0 0 0 0 0 0 0 0 0 0 0 0 0 0 0 0 1 0 0 0 0 0 0 0 0 0 0 0 0 0 0 0 0] [1042621519072433920283083562428469593602182919945835211322354565330887090220897472063018488024892773750305996602609483380 0 0 0 0 0 0 0 0 0 0 0 0 0 0 0 0 0 0 0 0 0 0 0 1 0 0 0 0 0 0 0 0 0 0 0 0 0 0 0] [171388995082154233233012548090942599143715724202696890942088990082340274801161970138190639906868753248272491463187401695 0 0 0 0 0 0 0 0 0 0 0 0 0 0 0 0 0 0 0 0 0 0 0 0 1 0 0 0 0 0 0 0 0 0 0 0 0 0 0] [2100493671200104536533474921602153259773348308608862002579228988953071977809598351863259953863461834410595513598037485038 0 0 0 0 0 0 0 0 0 0 0 0 0 0 0 0 0 0 0 0 0 0 0 0 0 1 0 0 0 0 0 0 0 0 0 0 0 0 0] [849028874593296703934398545250196283716795306401228544442045159484861904205470885973430411009159267090428932112495507852 0 0 0 0 0 0 0 0 0 0 0 0 0 0 0 0 0 0 0 0 0 0 0 0 0 0 1 0 0 0 0 0 0 0 0 0 0 0 0] [1046701824957941065045627030825750373570344803958334982369286898950041088016988929016615138537061510672807965422152953094 0 0 0 0 0 0 0 0 0 0 0 0 0 0 0 0 0 0 0 0 0 0 0 0 0 0 0 1 0 0 0 0 0 0 0 0 0 0 0] [542875223055107687983299240475304624160994620138110511564200316784444891282138558584574906974554732933893987639864801905 0 0 0 0 0 0 0 0 0 0 0 0 0 0 0 0 0 0 0 0 0 0 0 0 0 0 0 0 1 0 0 0 0 0 0 0 0 0 0] [1584382682441666539891259939997296576922760554674178579888435692973226441994929350838648607785926118636355860195320578386 0 0 0 0 0 0 0 0 0 0 0 0 0 0 0 0 0 0 0 0 0 0 0 0 0 0 0 0 0 1 0 0 0 0 0 0 0 0 0] [316503555252451563889967315570982477067169012390726271667771540315451791264064871351402596704077496942199692552980634552 0 0 0 0 0 0 0 0 0 0 0 0 0 0 0 0 0 0 0 0 0 0 0 0 0 0 0 0 0 0 1 0 0 0 0 0 0 0 0] [1837738370141979294787389742951594377674155679679663044021277108096701623188534975556948353238304199946688862260850711361 0 0 0 0 0 0 0 0 0 0 0 0 0 0 0 0 0 0 0 0 0 0 0 0 0 0 0 0 0 0 0 1 0 0 0 0 0 0 0] [739578827111769709363025786954762546314747907261948920241963639022818938531742051897853101539916787244178755946187647555 0 0 0 0 0 0 0 0 0 0 0 0 0 0 0 0 0 0 0 0 0 0 0 0 0 0 0 0 0 0 0 0 1 0 0 0 0 0 0] [1619290331242112257658768582175275050536918255267445777163956250682374601071625719555758108294380161274992932056486622464 0 0 0 0 0 0 0 0 0 0 0 0 0 0 0 0 0 0 0 0 0 0 0 0 0 0 0 0 0 0 0 0 0 1 0 0 0 0 0] [852244520379043286720418573598354118899465075623425806989984806937105488837636350325384144744195783077780523735920132437 0 0 0 0 0 0 0 0 0 0 0 0 0 0 0 0 0 0 0 0 0 0 0 0 0 0 0 0 0 0 0 0 0 0 1 0 0 0 0] [491483555886899765880626820064070785891162464132735054675483057099729053163156386346862511333336434543264870015359686516 0 0 0 0 0 0 0 0 0 0 0 0 0 0 0 0 0 0 0 0 0 0 0 0 0 0 0 0 0 0 0 0 0 0 0 1 0 0 0] [842211543902380452313476978966614900223458281660135345978369910918684855621079286840261544398613444576199814061553688778 0 0 0 0 0 0 0 0 0 0 0 0 0 0 0 0 0 0 0 0 0 0 0 0 0 0 0 0 0 0 0 0 0 0 0 0 1 0 0] [1874411128584029818874533765431554481569149176662206972692659544113727361200950942823993552649265946057735986943133343384 0 0 0 0 0 0 0 0 0 0 0 0 0 0 0 0 0 0 0 0 0 0 0 0 0 0 0 0 0 0 0 0 0 0 0 0 0 1 0] [1807564784681621941238943795385610371403525911952667414563776455384585295644151678837176854600997116364524617338835884611 0 0 0 0 0 0 0 0 0 0 0 0 0 0 0 0 0 0 0 0 0 0 0 0 0 0 0 0 0 0 0 0 0 0 0 0 0 0 1] 
hardtest2:
	./runme [2151323429497811530069897420356396816585829066041028774033531923207870813060865944965935451892022492028953242265154722451 0 0 0 0 0 0 0 0 0 0 0 0 0 0 0 0 0 0 0 0 0 0 0 0 0 0 0 0 0 0 0 0 0 0 0 0 0 0 0] [1454066693636629590116784906279659434365278036162862243189624979517636210195894512930960919457522874157756199010628399881 1 0 0 0 0 0 0 0 0 0 0 0 0 0 0 0 0 0 0 0 0 0 0 0 0 0 0 0 0 0 0 0 0 0 0 0 0 0 0] [1989842681047569556664762043853892311874364762422327098019441315475975650378372910660232712084806989679209621935886838246 0 1 0 0 0 0 0 0 0 0 0 0 0 0 0 0 0 0 0 0 0 0 0 0 0 0 0 0 0 0 0 0 0 0 0 0 0 0 0] [1794614242872876904632051984280229935957610642552181891952183391678322265760039440607008421784904114110550223294107815841 0 0 1 0 0 0 0 0 0 0 0 0 0 0 0 0 0 0 0 0 0 0 0 0 0 0 0 0 0 0 0 0 0 0 0 0 0 0 0] [1857235139707219640366697587650974538241327268777993440069222283915198619854588473804498240037074703764718463599099741486 0 0 0 1 0 0 0 0 0 0 0 0 0 0 0 0 0 0 0 0 0 0 0 0 0 0 0 0 0 0 0 0 0 0 0 0 0 0 0] [1587911799835727727052778883457480846506396505709346452975349557604353188577133239503898631302149912941395794447205293039 0 0 0 0 1 0 0 0 0 0 0 0 0 0 0 0 0 0 0 0 0 0 0 0 0 0 0 0 0 0 0 0 0 0 0 0 0 0 0] [643912600629211159394150610702010085798140145767094366402938683171519106863076003068827585393853401066405996849989052451 0 0 0 0 0 1 0 0 0 0 0 0 0 0 0 0 0 0 0 0 0 0 0 0 0 0 0 0 0 0 0 0 0 0 0 0 0 0 0] [1836958158521271765683983657378348812705599433347574084337692621941224694025404762510288529406480102315560155867385979078 0 0 0 0 0 0 1 0 0 0 0 0 0 0 0 0 0 0 0 0 0 0 0 0 0 0 0 0 0 0 0 0 0 0 0 0 0 0 0] [1111015258037953382853711658038557880213346258042353360281971722823624999403130724881569302151355379311502049124647173272 0 0 0 0 0 0 0 1 0 0 0 0 0 0 0 0 0 0 0 0 0 0 0 0 0 0 0 0 0 0 0 0 0 0 0 0 0 0 0] [1807139814638629517088359372719676802098116490057279075022194278681670020441098959104109802950249869332424776405001710008 0 0 0 0 0 0 0 0 1 0 0 0 0 0 0 0 0 0 0 0 0 0 0 0 0 0 0 0 0 0 0 0 0 0 0 0 0 0 0] [1031165112730926390185618458428036023691947077147899202807379349627223633585855694372768426211626566540936352587357126307 0 0 0 0 0 0 0 0 0 1 0 0 0 0 0 0 0 0 0 0 0 0 0 0 0 0 0 0 0 0 0 0 0 0 0 0 0 0 0] [1531782578133931953487222644985934577986135026915358128832471668964853360886382634527149835840348349094469102918873852559 0 0 0 0 0 0 0 0 0 0 1 0 0 0 0 0 0 0 0 0 0 0 0 0 0 0 0 0 0 0 0 0 0 0 0 0 0 0 0] [106360218316098107176454475990229281172112108465633316754983229797625190109527974653042702222720816510428297357407743533 0 0 0 0 0 0 0 0 0 0 0 1 0 0 0 0 0 0 0 0 0 0 0 0 0 0 0 0 0 0 0 0 0 0 0 0 0 0 0] [531577738394913429196618483862753836167757750647150136459708486631708922813867717075630842809735318231556856665422279739 0 0 0 0 0 0 0 0 0 0 0 0 1 0 0 0 0 0 0 0 0 0 0 0 0 0 0 0 0 0 0 0 0 0 0 0 0 0 0] [61529933780293181146908906724674681680019493639582154148772939045181184191808589869956346102038500537119947099220411960 0 0 0 0 0 0 0 0 0 0 0 0 0 1 0 0 0 0 0 0 0 0 0 0 0 0 0 0 0 0 0 0 0 0 0 0 0 0 0] [752402520142888493437476341550640222236708811001229003765142527706446972377651205961611107445487548130837541297432838248 0 0 0 0 0 0 0 0 0 0 0 0 0 0 1 0 0 0 0 0 0 0 0 0 0 0 0 0 0 0 0 0 0 0 0 0 0 0 0] [21880058470907921001198886713217348755156505472779107024973347054944437239863617042164221813815750813037022095630539691 0 0 0 0 0 0 0 0 0 0 0 0 0 0 0 1 0 0 0 0 0 0 0 0 0 0 0 0 0 0 0 0 0 0 0 0 0 0 0] [878973550865110572735044796258589688930385261642279004671995637262794575683435956382629124208674682630662600103759602676 0 0 0 0 0 0 0 0 0 0 0 0 0 0 0 0 1 0 0 0 0 0 0 0 0 0 0 0 0 0 0 0 0 0 0 0 0 0 0] [1386101563602509062008094992818492324552789104962740640957097742466625352370791229785759273891437802364181020483442734935 0 0 0 0 0 0 0 0 0 0 0 0 0 0 0 0 0 1 0 0 0 0 0 0 0 0 0 0 0 0 0 0 0 0 0 0 0 0 0] [1461404642522395871445526578037762769892371213921605532293468797478640339913845537818483587918912322904001892972536659590 0 0 0 0 0 0 0 0 0 0 0 0 0 0 0 0 0 0 1 0 0 0 0 0 0 0 0 0 0 0 0 0 0 0 0 0 0 0 0] [1659705661903175806805418660941764304878923461480664740508173317250250383695819998050701271611495507082731402260719969850 0 0 0 0 0 0 0 0 0 0 0 0 0 0 0 0 0 0 0 1 0 0 0 0 0 0 0 0 0 0 0 0 0 0 0 0 0 0 0] [811245224008201836600479551681917592138457231849881382229130824140636366529609992318014092892204306937623060781072589083 0 0 0 0 0 0 0 0 0 0 0 0 0 0 0 0 0 0 0 0 1 0 0 0 0 0 0 0 0 0 0 0 0 0 0 0 0 0 0] [1221956485448087817544432002679635475710895188789709881886174166929558515475436726044731789171577036838640627348714528781 0 0 0 0 0 0 0 0 0 0 0 0 0 0 0 0 0 0 0 0 0 1 0 0 0 0 0 0 0 0 0 0 0 0 0 0 0 0 0] [2095819517731570733161393125065749816036395183798789575440647870253131318461594017957361884142996035947294719221791299350 0 0 0 0 0 0 0 0 0 0 0 0 0 0 0 0 0 0 0 0 0 0 1 0 0 0 0 0 0 0 0 0 0 0 0 0 0 0 0] [1662115991222325025154044080781563362214538162542821393547890793860434239392414589159751180083158828579666778280344397348 0 0 0 0 0 0 0 0 0 0 0 0 0 0 0 0 0 0 0 0 0 0 0 1 0 0 0 0 0 0 0 0 0 0 0 0 0 0 0] [1477871547209986044188262564533820722572760194189942199397833077808917369197129518292348071228285877195919597379886467780 0 0 0 0 0 0 0 0 0 0 0 0 0 0 0 0 0 0 0 0 0 0 0 0 1 0 0 0 0 0 0 0 0 0 0 0 0 0 0] [1573148316944366514594878030946189240413312724737831042062433665812222563656316951632878983725721398127699130928908752155 0 0 0 0 0 0 0 0 0 0 0 0 0 0 0 0 0 0 0 0 0 0 0 0 0 1 0 0 0 0 0 0 0 0 0 0 0 0 0] [1989157399011380772127787724256489734011996218045559035961269526593439015844575313323777043859518273818163558963573352473 0 0 0 0 0 0 0 0 0 0 0 0 0 0 0 0 0 0 0 0 0 0 0 0 0 0 1 0 0 0 0 0 0 0 0 0 0 0 0] [899117339744200449966442171016834897087859266635905650917764072778403596749420437318075646425535366794270204268757095901 0 0 0 0 0 0 0 0 0 0 0 0 0 0 0 0 0 0 0 0 0 0 0 0 0 0 0 1 0 0 0 0 0 0 0 0 0 0 0] [1769090914015175139409580210201288626878475408050004833630287830866594153518788905759795706786358345320836773691913334325 0 0 0 0 0 0 0 0 0 0 0 0 0 0 0 0 0 0 0 0 0 0 0 0 0 0 0 0 1 0 0 0 0 0 0 0 0 0 0] [712566170928751909978639868629612971351112732952766201156850565376430500344098476015768509492016367008079145444826749984 0 0 0 0 0 0 0 0 0 0 0 0 0 0 0 0 0 0 0 0 0 0 0 0 0 0 0 0 0 1 0 0 0 0 0 0 0 0 0] [1456209513679687626026539935415010750637975508369025383755924001659009550861079223775636092356568667362851423237291214344 0 0 0 0 0 0 0 0 0 0 0 0 0 0 0 0 0 0 0 0 0 0 0 0 0 0 0 0 0 0 1 0 0 0 0 0 0 0 0] [1728602286823433729204998942237289931861598011076687144041341191603978269001882667829987347139590245886374550792751917291 0 0 0 0 0 0 0 0 0 0 0 0 0 0 0 0 0 0 0 0 0 0 0 0 0 0 0 0 0 0 0 1 0 0 0 0 0 0 0] [1049195489531000346181865945723451650262150015669944583638497877396604234883611209629137746411916128442134566559603535332 0 0 0 0 0 0 0 0 0 0 0 0 0 0 0 0 0 0 0 0 0 0 0 0 0 0 0 0 0 0 0 0 1 0 0 0 0 0 0] [791376166479710154308807792050567467086537580610971460661725370038846073179213318336170010074185341751377914563980922380 0 0 0 0 0 0 0 0 0 0 0 0 0 0 0 0 0 0 0 0 0 0 0 0 0 0 0 0 0 0 0 0 0 1 0 0 0 0 0] [388685950537310808653726560849074056127364370140690716983439846711230776085451884779824370018736926925996313288071124992 0 0 0 0 0 0 0 0 0 0 0 0 0 0 0 0 0 0 0 0 0 0 0 0 0 0 0 0 0 0 0 0 0 0 1 0 0 0 0] [692081290663865296786078193257178202297513310590683306048246186658733702007625057775840683694575853263989427567876137337 0 0 0 0 0 0 0 0 0 0 0 0 0 0 0 0 0 0 0 0 0 0 0 0 0 0 0 0 0 0 0 0 0 0 0 1 0 0 0] [1059769632964742442309872528573124002947181696756452520242814817210376031704899942828731113001780060705839789930416262476 0 0 0 0 0 0 0 0 0 0 0 0 0 0 0 0 0 0 0 0 0 0 0 0 0 0 0 0 0 0 0 0 0 0 0 0 1 0 0] [1595433746561245167748144661235413686254007367487017629145229815587633619080669534456113999118409135167843537494026435348 0 0 0 0 0 0 0 0 0 0 0 0 0 0 0 0 0 0 0 0 0 0 0 0 0 0 0 0 0 0 0 0 0 0 0 0 0 1 0] [1087805896500463380900203385998977501672700262465599806981109546480470566209509980057191178598682134265368926483937778948 0 0 0 0 0 0 0 0 0 0 0 0 0 0 0 0 0 0 0 0 0 0 0 0 0 0 0 0 0 0 0 0 0 0 0 0 0 0 1] 
hardtest3:
	./runme [2044232538099663178831960849199139005834827103629317162462979098119721372005434584682594316802335471277788331806764095913 0 0 0 0 0 0 0 0 0 0 0 0 0 0 0 0 0 0 0 0 0 0 0 0 0 0 0 0 0 0 0 0 0 0 0 0 0 0 0] [451497022902096253921195058216617647456951733314041388467542256355119823808688904970919236207240073616545415717762061622 1 0 0 0 0 0 0 0 0 0 0 0 0 0 0 0 0 0 0 0 0 0 0 0 0 0 0 0 0 0 0 0 0 0 0 0 0 0 0] [389139506019690122638231098073435595362203910192585237653214817778222654950927925829237300037801983719630618559304445265 0 1 0 0 0 0 0 0 0 0 0 0 0 0 0 0 0 0 0 0 0 0 0 0 0 0 0 0 0 0 0 0 0 0 0 0 0 0 0] [1221259534055869240052770782834039718739661289732149420076425832289059142299301505734048354082729911149927930844025178876 0 0 1 0 0 0 0 0 0 0 0 0 0 0 0 0 0 0 0 0 0 0 0 0 0 0 0 0 0 0 0 0 0 0 0 0 0 0 0] [354732710441096150744663783375286171097812028282892698296461016539353717907481742239470091852982840417846942464232047697 0 0 0 1 0 0 0 0 0 0 0 0 0 0 0 0 0 0 0 0 0 0 0 0 0 0 0 0 0 0 0 0 0 0 0 0 0 0 0] [1778295163237465997729464170506958902840253737702596171893935883413086130583997351981161942972482296129639761291808623096 0 0 0 0 1 0 0 0 0 0 0 0 0 0 0 0 0 0 0 0 0 0 0 0 0 0 0 0 0 0 0 0 0 0 0 0 0 0 0] [857676693572007725119266438664201090975688366218133378693738606996321493115150674776047708041107595620682604520776303839 0 0 0 0 0 1 0 0 0 0 0 0 0 0 0 0 0 0 0 0 0 0 0 0 0 0 0 0 0 0 0 0 0 0 0 0 0 0 0] [697957544204814612323142004417206041222281921638414343089189478579480560783235211244254087325877605160224507855258214228 0 0 0 0 0 0 1 0 0 0 0 0 0 0 0 0 0 0 0 0 0 0 0 0 0 0 0 0 0 0 0 0 0 0 0 0 0 0 0] [121505428464470064642726533498038481284909813403852637393941978544892135511656008263160924933163203214670336864878780156 0 0 0 0 0 0 0 1 0 0 0 0 0 0 0 0 0 0 0 0 0 0 0 0 0 0 0 0 0 0 0 0 0 0 0 0 0 0 0] [699436270042866525487555159481113131469562738603287853316269850133651629536708756573382278508505373592100590901807855700 0 0 0 0 0 0 0 0 1 0 0 0 0 0 0 0 0 0 0 0 0 0 0 0 0 0 0 0 0 0 0 0 0 0 0 0 0 0 0] [27192243114891228611800145458302912017426232053899558045690841859769403506019375287265722635596393485276460844685185802 0 0 0 0 0 0 0 0 0 1 0 0 0 0 0 0 0 0 0 0 0 0 0 0 0 0 0 0 0 0 0 0 0 0 0 0 0 0 0] [472054191034977556604470702150899479199590554347752540567752465274625473962237756108587448947174673998734558464988675245 0 0 0 0 0 0 0 0 0 0 1 0 0 0 0 0 0 0 0 0 0 0 0 0 0 0 0 0 0 0 0 0 0 0 0 0 0 0 0] [48887487812435053103737756944645541263088586515124757616169009479344905421827173446305600438517321733118435177089290580 0 0 0 0 0 0 0 0 0 0 0 1 0 0 0 0 0 0 0 0 0 0 0 0 0 0 0 0 0 0 0 0 0 0 0 0 0 0 0] [919661834502520180867381521505448819997142457578166232830912024451063252031655985524940998440892441739786652022821493059 0 0 0 0 0 0 0 0 0 0 0 0 1 0 0 0 0 0 0 0 0 0 0 0 0 0 0 0 0 0 0 0 0 0 0 0 0 0 0] [870851960140548610323653620356139919137990243369389750889002497051531278503333194469038640539259886605973935860105897926 0 0 0 0 0 0 0 0 0 0 0 0 0 1 0 0 0 0 0 0 0 0 0 0 0 0 0 0 0 0 0 0 0 0 0 0 0 0 0] [1321566932379607094012776881605467303680885646979690579331295440084481458359618689005890920997345298410530780041576151055 0 0 0 0 0 0 0 0 0 0 0 0 0 0 1 0 0 0 0 0 0 0 0 0 0 0 0 0 0 0 0 0 0 0 0 0 0 0 0] [1772400567470995259598275681939124161879112768991838454170919215750973029985600832429930471870515809909327293087293690692 0 0 0 0 0 0 0 0 0 0 0 0 0 0 0 1 0 0 0 0 0 0 0 0 0 0 0 0 0 0 0 0 0 0 0 0 0 0 0] [104402617468223512951216544713165191190659839279349339169951589782839628180039623001760019286470799570771035721268483101 0 0 0 0 0 0 0 0 0 0 0 0 0 0 0 0 1 0 0 0 0 0 0 0 0 0 0 0 0 0 0 0 0 0 0 0 0 0 0] [1261198903672997609011157902928737859739832050340032632440903685855363146731691832941060439230832148932631934606376451448 0 0 0 0 0 0 0 0 0 0 0 0 0 0 0 0 0 1 0 0 0 0 0 0 0 0 0 0 0 0 0 0 0 0 0 0 0 0 0] [627411201204611736867207880406809369168865089209142091474087680310789081002392516108757312595199269546742757151807476246 0 0 0 0 0 0 0 0 0 0 0 0 0 0 0 0 0 0 1 0 0 0 0 0 0 0 0 0 0 0 0 0 0 0 0 0 0 0 0] [1718641293696639133653020426391962190100279662232370687882127394232193717448572194600576909388301545191764985388320532738 0 0 0 0 0 0 0 0 0 0 0 0 0 0 0 0 0 0 0 1 0 0 0 0 0 0 0 0 0 0 0 0 0 0 0 0 0 0 0] [1224364759695625556698227576262309916029774061074807490207782000037700347749097651552967485921674846308596881251943099124 0 0 0 0 0 0 0 0 0 0 0 0 0 0 0 0 0 0 0 0 1 0 0 0 0 0 0 0 0 0 0 0 0 0 0 0 0 0 0] [736885761392757600457364718667700137581206512288251374460651116855131980708847745807124556699097930274224593761159591347 0 0 0 0 0 0 0 0 0 0 0 0 0 0 0 0 0 0 0 0 0 1 0 0 0 0 0 0 0 0 0 0 0 0 0 0 0 0 0] [1338456175686559995534064353127115961852786462593383875987268727480742515102116427930583904884873973801826150460376046178 0 0 0 0 0 0 0 0 0 0 0 0 0 0 0 0 0 0 0 0 0 0 1 0 0 0 0 0 0 0 0 0 0 0 0 0 0 0 0] [205197204439233655642219379821702356792638109493143491782990975553382023394655819004242282936462188130692267903161570851 0 0 0 0 0 0 0 0 0 0 0 0 0 0 0 0 0 0 0 0 0 0 0 1 0 0 0 0 0 0 0 0 0 0 0 0 0 0 0] [1602007656407074058746737774705959425169399948019607980784086730759450175413605582932880531838665165821315432897758775806 0 0 0 0 0 0 0 0 0 0 0 0 0 0 0 0 0 0 0 0 0 0 0 0 1 0 0 0 0 0 0 0 0 0 0 0 0 0 0] [1905735546045497553658249205462295507864088180056702906594083925964272365123194935133807449895303447288470969951339724440 0 0 0 0 0 0 0 0 0 0 0 0 0 0 0 0 0 0 0 0 0 0 0 0 0 1 0 0 0 0 0 0 0 0 0 0 0 0 0] [1808813588941373397151809521917228735718535548277858613419798845987885485452627200689476478774989911224144784618511262285 0 0 0 0 0 0 0 0 0 0 0 0 0 0 0 0 0 0 0 0 0 0 0 0 0 0 1 0 0 0 0 0 0 0 0 0 0 0 0] [1322876151043833596243336661080693390331238047178756808982839042725925793725514557235626104651522286615187907120890683328 0 0 0 0 0 0 0 0 0 0 0 0 0 0 0 0 0 0 0 0 0 0 0 0 0 0 0 1 0 0 0 0 0 0 0 0 0 0 0] [1677082178123139685629122950811518625771316729180224789344289344908425054698374151200417695662492143955055717175222026363 0 0 0 0 0 0 0 0 0 0 0 0 0 0 0 0 0 0 0 0 0 0 0 0 0 0 0 0 1 0 0 0 0 0 0 0 0 0 0] [2007925176110650862353730623455353546773100692053574940270130373204959415750066381957572198658327829619166261490531170908 0 0 0 0 0 0 0 0 0 0 0 0 0 0 0 0 0 0 0 0 0 0 0 0 0 0 0 0 0 1 0 0 0 0 0 0 0 0 0] [137286479983520275597878524518132056205897855834897972776591026324167304429948455648191243027218859943700479941899357590 0 0 0 0 0 0 0 0 0 0 0 0 0 0 0 0 0 0 0 0 0 0 0 0 0 0 0 0 0 0 1 0 0 0 0 0 0 0 0] [4891150682348946712386032595026774819877448201310244095420029967074757730777978945510049051673306944055661003986891904 0 0 0 0 0 0 0 0 0 0 0 0 0 0 0 0 0 0 0 0 0 0 0 0 0 0 0 0 0 0 0 1 0 0 0 0 0 0 0] [1916156468804256458746359156606534222660263763825501513285480950582884910231417900795509301017853956019654039523671149040 0 0 0 0 0 0 0 0 0 0 0 0 0 0 0 0 0 0 0 0 0 0 0 0 0 0 0 0 0 0 0 0 1 0 0 0 0 0 0] [13621871797238547791080082354828369109402640623528190159544761189287408846101529665900269002306671387926123281058170607 0 0 0 0 0 0 0 0 0 0 0 0 0 0 0 0 0 0 0 0 0 0 0 0 0 0 0 0 0 0 0 0 0 1 0 0 0 0 0] [566095021998132924955101564480751754930378562162380572481131851500491900179536163600634617212531840270123749552100109373 0 0 0 0 0 0 0 0 0 0 0 0 0 0 0 0 0 0 0 0 0 0 0 0 0 0 0 0 0 0 0 0 0 0 1 0 0 0 0] [861872373889391371298944555167790263189637852067294179577158376558859792060084502167330617687755542896450121588748678238 0 0 0 0 0 0 0 0 0 0 0 0 0 0 0 0 0 0 0 0 0 0 0 0 0 0 0 0 0 0 0 0 0 0 0 1 0 0 0] [1483851492746481168550618539209444098890842536983049726083633646058313399555060250848901340088535739212080731152055401155 0 0 0 0 0 0 0 0 0 0 0 0 0 0 0 0 0 0 0 0 0 0 0 0 0 0 0 0 0 0 0 0 0 0 0 0 1 0 0] [163440400259676764593074536140616651368238844923598586997914005547363155663940520204122187242560460297777990464708173004 0 0 0 0 0 0 0 0 0 0 0 0 0 0 0 0 0 0 0 0 0 0 0 0 0 0 0 0 0 0 0 0 0 0 0 0 0 1 0] [419758911188754030446171089169970999428563974529312734630668378400739098219377062689495129574612837789345735671926471611 0 0 0 0 0 0 0 0 0 0 0 0 0 0 0 0 0 0 0 0 0 0 0 0 0 0 0 0 0 0 0 0 0 0 0 0 0 0 1] 
hardtest4:
	./runme [1579878721960602074028434293256053362698389610782020995809411390304886460587722256199000552934037096067937806004780895023 0 0 0 0 0 0 0 0 0 0 0 0 0 0 0 0 0 0 0 0 0 0 0 0 0 0 0 0 0 0 0 0 0 0 0 0 0 0 0] [1115525309180403325849995598225553908546322374675208229387863611562557827752807108785947760532027076118926864961049936106 1 0 0 0 0 0 0 0 0 0 0 0 0 0 0 0 0 0 0 0 0 0 0 0 0 0 0 0 0 0 0 0 0 0 0 0 0 0 0] [619621481362128701459427581624273546354475318109849476847056686028816099982312252639934200816466175577880408274746026166 0 1 0 0 0 0 0 0 0 0 0 0 0 0 0 0 0 0 0 0 0 0 0 0 0 0 0 0 0 0 0 0 0 0 0 0 0 0 0] [1012623868724414852159709735100292424049069011435350555570133248200708760750404793761716036357921865336885102997923584999 0 0 1 0 0 0 0 0 0 0 0 0 0 0 0 0 0 0 0 0 0 0 0 0 0 0 0 0 0 0 0 0 0 0 0 0 0 0 0] [354082219745961779297432974264949147736926515935984092412234144443043282762483336786972890044340207787948735306720581423 0 0 0 1 0 0 0 0 0 0 0 0 0 0 0 0 0 0 0 0 0 0 0 0 0 0 0 0 0 0 0 0 0 0 0 0 0 0 0] [1033896371294355392677807047465385556268432666172460910913470407092164857612743498344083723851154948427060944320005439365 0 0 0 0 1 0 0 0 0 0 0 0 0 0 0 0 0 0 0 0 0 0 0 0 0 0 0 0 0 0 0 0 0 0 0 0 0 0 0] [492231173660318620392265493496162531863205324920371762882423892643122777124059323621827233915176803786831741213445055855 0 0 0 0 0 1 0 0 0 0 0 0 0 0 0 0 0 0 0 0 0 0 0 0 0 0 0 0 0 0 0 0 0 0 0 0 0 0 0] [461614717109177617955924082162380913634785263256813306987676185141224530082580712059638370183668507940578243478194151859 0 0 0 0 0 0 1 0 0 0 0 0 0 0 0 0 0 0 0 0 0 0 0 0 0 0 0 0 0 0 0 0 0 0 0 0 0 0 0] [644289666464630004963166321396116117095821831990213725309820325580327558709086231900705211536094937113680518540737202453 0 0 0 0 0 0 0 1 0 0 0 0 0 0 0 0 0 0 0 0 0 0 0 0 0 0 0 0 0 0 0 0 0 0 0 0 0 0 0] [822228988933036966620305516458048909015062973268279050026267087632246749972617648719920605954476710942872108748464142174 0 0 0 0 0 0 0 0 1 0 0 0 0 0 0 0 0 0 0 0 0 0 0 0 0 0 0 0 0 0 0 0 0 0 0 0 0 0 0] [1302474240053068831911794599975017227497951344163786071136919365555934659007620971781108808807438288049013122624140694174 0 0 0 0 0 0 0 0 0 1 0 0 0 0 0 0 0 0 0 0 0 0 0 0 0 0 0 0 0 0 0 0 0 0 0 0 0 0 0] [1196204349003042873565957223311876362672426608522957366021563563346550965840145630640276502384746110043079196382222087427 0 0 0 0 0 0 0 0 0 0 1 0 0 0 0 0 0 0 0 0 0 0 0 0 0 0 0 0 0 0 0 0 0 0 0 0 0 0 0] [1115103093490002740836671549220927502352397065689519914459665491475338133135956547362037666570232926357905479726954685057 0 0 0 0 0 0 0 0 0 0 0 1 0 0 0 0 0 0 0 0 0 0 0 0 0 0 0 0 0 0 0 0 0 0 0 0 0 0 0] [972007641643603461316425528708677516110361913531509756664166303871184712856925983519422469719855639121327187369011391430 0 0 0 0 0 0 0 0 0 0 0 0 1 0 0 0 0 0 0 0 0 0 0 0 0 0 0 0 0 0 0 0 0 0 0 0 0 0 0] [684020876147621894380871441284001682302054951244306089681054219938147425661451726527615237114078554412177720418311788292 0 0 0 0 0 0 0 0 0 0 0 0 0 1 0 0 0 0 0 0 0 0 0 0 0 0 0 0 0 0 0 0 0 0 0 0 0 0 0] [1539225667780917784993395107219555261242926106037428621200900543342262991199662815480571185379776026330871494634291091754 0 0 0 0 0 0 0 0 0 0 0 0 0 0 1 0 0 0 0 0 0 0 0 0 0 0 0 0 0 0 0 0 0 0 0 0 0 0 0] [282055355669411014920462992436928465378365202953668014212429736056163683563204671475786308135803994569331132073359154084 0 0 0 0 0 0 0 0 0 0 0 0 0 0 0 1 0 0 0 0 0 0 0 0 0 0 0 0 0 0 0 0 0 0 0 0 0 0 0] [10189938560684750415654525756335079577672610789029765781081904176358032748906547557898655137097616763485769664287277697 0 0 0 0 0 0 0 0 0 0 0 0 0 0 0 0 1 0 0 0 0 0 0 0 0 0 0 0 0 0 0 0 0 0 0 0 0 0 0] [132459686342038403894417021651620394862674369382082520721351906652467759373208304424579381548084018582446060113960418109 0 0 0 0 0 0 0 0 0 0 0 0 0 0 0 0 0 1 0 0 0 0 0 0 0 0 0 0 0 0 0 0 0 0 0 0 0 0 0] [915754157427552450567997028546903203856564329269780466914216740381995427171049803260440519944914332833304911033936847578 0 0 0 0 0 0 0 0 0 0 0 0 0 0 0 0 0 0 1 0 0 0 0 0 0 0 0 0 0 0 0 0 0 0 0 0 0 0 0] [127284712390527086311719636020142543708047977821324481414902278573092633891233522580793472576539416388379951297349441512 0 0 0 0 0 0 0 0 0 0 0 0 0 0 0 0 0 0 0 1 0 0 0 0 0 0 0 0 0 0 0 0 0 0 0 0 0 0 0] [1019926675119998251141919633635362650545131863386644370448198133300551314075806896568325311733870825123563660409151940013 0 0 0 0 0 0 0 0 0 0 0 0 0 0 0 0 0 0 0 0 1 0 0 0 0 0 0 0 0 0 0 0 0 0 0 0 0 0 0] [1129997139580573934633649452391962554353717913376164389533816011585776413923623900512510720168182916059411118528659732475 0 0 0 0 0 0 0 0 0 0 0 0 0 0 0 0 0 0 0 0 0 1 0 0 0 0 0 0 0 0 0 0 0 0 0 0 0 0 0] [1413166639406045808073880764983966261105738631504784069019914117188684199252504731940758153749943601623811830996645048603 0 0 0 0 0 0 0 0 0 0 0 0 0 0 0 0 0 0 0 0 0 0 1 0 0 0 0 0 0 0 0 0 0 0 0 0 0 0 0] [712442531621307921676007186791866824192934346744469407609927848636053881395092568224017585724075390213694724191889223781 0 0 0 0 0 0 0 0 0 0 0 0 0 0 0 0 0 0 0 0 0 0 0 1 0 0 0 0 0 0 0 0 0 0 0 0 0 0 0] [814839827987914415690250947351779315689798599770949590429576647428389389502519518414788302328063774611203997790753677603 0 0 0 0 0 0 0 0 0 0 0 0 0 0 0 0 0 0 0 0 0 0 0 0 1 0 0 0 0 0 0 0 0 0 0 0 0 0 0] [291652123491104527062933597587517010993484965268248208777355154469353364251426750259622931725776424014224164060695181217 0 0 0 0 0 0 0 0 0 0 0 0 0 0 0 0 0 0 0 0 0 0 0 0 0 1 0 0 0 0 0 0 0 0 0 0 0 0 0] [499538139842806863907409977143912918277807772946587678580022280092464492311403798839291095652294032961857653542603836011 0 0 0 0 0 0 0 0 0 0 0 0 0 0 0 0 0 0 0 0 0 0 0 0 0 0 1 0 0 0 0 0 0 0 0 0 0 0 0] [1298528926405310047466900843338206975136178837504283153410954134878810606185041201276740200668339947038720392705810586025 0 0 0 0 0 0 0 0 0 0 0 0 0 0 0 0 0 0 0 0 0 0 0 0 0 0 0 1 0 0 0 0 0 0 0 0 0 0 0] [382040139634749822694621637224613295799400271466442384221023145728653570687130768662546521002334676887766960020463396896 0 0 0 0 0 0 0 0 0 0 0 0 0 0 0 0 0 0 0 0 0 0 0 0 0 0 0 0 1 0 0 0 0 0 0 0 0 0 0] [478548381098437078395780878766781517130371119517068408140233591662283505680868102329555083814713596103867738295606206416 0 0 0 0 0 0 0 0 0 0 0 0 0 0 0 0 0 0 0 0 0 0 0 0 0 0 0 0 0 1 0 0 0 0 0 0 0 0 0] [162809425110034856672360560167467456223213077012184762349498649011415719131981622142643559708745980073835127262137926188 0 0 0 0 0 0 0 0 0 0 0 0 0 0 0 0 0 0 0 0 0 0 0 0 0 0 0 0 0 0 1 0 0 0 0 0 0 0 0] [1024269110991912058051147934795539748297139693458644380772922384787036908327898533278784966707287157885791343970232891307 0 0 0 0 0 0 0 0 0 0 0 0 0 0 0 0 0 0 0 0 0 0 0 0 0 0 0 0 0 0 0 1 0 0 0 0 0 0 0] [1063895711387269509283195290449027596484710254691375779676320709874582538046468557562323424375514421894771342404299127531 0 0 0 0 0 0 0 0 0 0 0 0 0 0 0 0 0 0 0 0 0 0 0 0 0 0 0 0 0 0 0 0 1 0 0 0 0 0 0] [513185484424173108047321732967476911366172537141560804691500769139346244971976857222506635150532640618360312577587694766 0 0 0 0 0 0 0 0 0 0 0 0 0 0 0 0 0 0 0 0 0 0 0 0 0 0 0 0 0 0 0 0 0 1 0 0 0 0 0] [1551391183956210898290658881138247388673485500417102553868422565111182908144409796999859277702347643818395611597454851456 0 0 0 0 0 0 0 0 0 0 0 0 0 0 0 0 0 0 0 0 0 0 0 0 0 0 0 0 0 0 0 0 0 0 1 0 0 0 0] [342645928779855991867456862582234203531532678541712678842352776133315217507742812258429477345746990088928494492178415265 0 0 0 0 0 0 0 0 0 0 0 0 0 0 0 0 0 0 0 0 0 0 0 0 0 0 0 0 0 0 0 0 0 0 0 1 0 0 0] [1479073771490082753487271636637553715701256266714458657461516023065386865678980880374263744219210325132367977652757032491 0 0 0 0 0 0 0 0 0 0 0 0 0 0 0 0 0 0 0 0 0 0 0 0 0 0 0 0 0 0 0 0 0 0 0 0 1 0 0] [699556689892037305617683855722446974564626918302653409157531418390027789110799144591764050106479229755812990630095923119 0 0 0 0 0 0 0 0 0 0 0 0 0 0 0 0 0 0 0 0 0 0 0 0 0 0 0 0 0 0 0 0 0 0 0 0 0 1 0] [1243714717893057352140877817765705666339998535817576350050515300095296446059391045321689512785193516157311235264575396372 0 0 0 0 0 0 0 0 0 0 0 0 0 0 0 0 0 0 0 0 0 0 0 0 0 0 0 0 0 0 0 0 0 0 0 0 0 0 1] 
basistest:
	./runme [1 0] [0 1]
	./runme [1 0 0] [0 1 0] [0 0 1]
	./runme [1 0 0 0] [0 1 0 0] [0 0 1 0] [0 0 0 1]
	./runme [1 0 0 0 0] [0 1 0 0 0] [0 0 1 0 0] [0 0 0 1 0] [0 0 0 0 1]
	./runme [1 0 0 0 0 0] [0 1 0 0 0 0] [0 0 1 0 0 0] [0 0 0 1 0 0] [0 0 0 0 1 0] [0 0 0 0 0 1]
	./runme [1 0 0 0 0 0 0] [0 1 0 0 0 0 0] [0 0 1 0 0 0 0] [0 0 0 1 0 0 0] [0 0 0 0 1 0 0] [0 0 0 0 0 1 0] [0 0 0 0 0 0 1]
	./runme [1 0 0 0 0 0 0 0] [0 1 0 0 0 0 0 0] [0 0 1 0 0 0 0 0] [0 0 0 1 0 0 0 0] [0 0 0 0 1 0 0 0] [0 0 0 0 0 1 0 0] [0 0 0 0 0 0 1 0] [0 0 0 0 0 0 0 1]
	./runme [1 0 0 0 0 0 0 0 0] [0 1 0 0 0 0 0 0 0] [0 0 1 0 0 0 0 0 0] [0 0 0 1 0 0 0 0 0] [0 0 0 0 1 0 0 0 0] [0 0 0 0 0 1 0 0 0] [0 0 0 0 0 0 1 0 0] [0 0 0 0 0 0 0 1 0] [0 0 0 0 0 0 0 0 1]
	./runme [1 0 0 0 0 0 0 0 0 0] [0 1 0 0 0 0 0 0 0 0] [0 0 1 0 0 0 0 0 0 0] [0 0 0 1 0 0 0 0 0 0] [0 0 0 0 1 0 0 0 0 0] [0 0 0 0 0 1 0 0 0 0] [0 0 0 0 0 0 1 0 0 0] [0 0 0 0 0 0 0 1 0 0] [0 0 0 0 0 0 0 0 1 0] [0 0 0 0 0 0 0 0 0 1]
